0 0.051491 0.851986 0.059621 0.079422
0 0.105691 0.855596 0.054201 0.064982
0 0.071816 0.927798 0.062331 0.079422
0 0.113821 0.929603 0.043360 0.054152
0 0.131436 0.972924 0.062331 0.054152
0 0.203252 0.797834 0.075881 0.086643
0 0.233062 0.754513 0.065041 0.072202
0 0.222222 0.931408 0.048780 0.057762
0 0.317073 0.920578 0.059621 0.072202
0 0.269648 0.992780 0.056911 0.014440
0 0.363144 0.828520 0.070461 0.068592
0 0.506775 0.893502 0.070461 0.097473
0 0.620596 0.985560 0.059621 0.028881
0 0.697832 0.963899 0.073171 0.072202
