0 0.010840 0.140794 0.016260 0.057762
0 0.284553 0.048736 0.070461 0.090253
0 0.352304 0.148014 0.032520 0.050542
0 0.222222 0.176895 0.054201 0.072202
0 0.139566 0.326715 0.067751 0.090253
0 0.028455 0.335740 0.051491 0.072202
0 0.621951 0.166065 0.051491 0.072202
0 0.846883 0.016245 0.051491 0.025271
0 0.845528 0.066787 0.065041 0.083032
0 0.979675 0.034296 0.040650 0.061372
0 0.959350 0.126354 0.027100 0.050542
0 0.983740 0.135379 0.032520 0.068592
0 0.905149 0.146209 0.043360 0.061372
0 0.559621 0.212996 0.051491 0.072202
0 0.227642 0.306859 0.065041 0.093863
0 0.142276 0.436823 0.073171 0.086643
0 0.355014 0.498195 0.059621 0.093863
0 0.554201 0.368231 0.062331 0.093863
0 0.787263 0.265343 0.056911 0.075812
0 0.764228 0.341155 0.054201 0.068592
0 0.945799 0.211191 0.054201 0.061372
0 0.890244 0.232852 0.051491 0.061372
0 0.968835 0.249097 0.046070 0.064982
0 0.952575 0.305054 0.062331 0.075812
0 0.911924 0.344765 0.067751 0.097473
0 0.838753 0.288809 0.051491 0.050542
0 0.093496 0.584838 0.056911 0.079422
0 0.468835 0.501805 0.054201 0.072202
0 0.697832 0.523466 0.051491 0.064982
0 0.745257 0.429603 0.043360 0.064982
0 0.795393 0.485560 0.046070 0.068592
0 0.844173 0.503610 0.040650 0.046931
0 0.911924 0.469314 0.056911 0.079422
0 0.943089 0.655235 0.054201 0.075812
0 0.800813 0.642599 0.056911 0.072202
0 0.752033 0.579422 0.051491 0.061372
0 0.719512 0.624549 0.051491 0.064982
0 0.686992 0.642599 0.040650 0.057762
0 0.654472 0.611913 0.051491 0.061372
0 0.639566 0.666065 0.070461 0.090253
0 0.869919 0.611913 0.048780 0.046931
0 0.882114 0.655235 0.046070 0.054152
0 0.856369 0.675090 0.048780 0.064982
0 0.951220 0.758123 0.059621 0.079422
0 0.817073 0.745487 0.051491 0.068592
0 0.750678 0.765343 0.054201 0.072202
0 0.876694 0.797834 0.051491 0.064982
0 0.955285 0.835740 0.046070 0.075812
0 0.962060 0.915162 0.059621 0.075812
0 0.944444 0.965704 0.062331 0.068592
0 0.841463 0.895307 0.056911 0.072202
0 0.776423 0.981949 0.051491 0.036101
0 0.818428 0.936823 0.054201 0.068592
0 0.757453 0.846570 0.046070 0.054152
0 0.745257 0.888087 0.043360 0.057762
0 0.707317 0.873646 0.037940 0.050542
0 0.673442 0.983755 0.056911 0.032491
0 0.563686 0.916968 0.037940 0.057762
0 0.516260 0.787004 0.056911 0.079422
0 0.456640 0.783394 0.046070 0.064982
0 0.415989 0.774368 0.035230 0.054152
0 0.409214 0.855596 0.048780 0.064982
0 0.262873 0.942238 0.065041 0.086643
0 0.132791 0.920578 0.048780 0.072202
0 0.254743 0.691336 0.048780 0.068592
0 0.224932 0.788809 0.037940 0.046931
0 0.184282 0.785199 0.054201 0.083032
0 0.185637 0.734657 0.051491 0.061372
0 0.116531 0.745487 0.059621 0.083032
0 0.142276 0.810469 0.062331 0.090253
0 0.046070 0.774368 0.054201 0.075812
