15 0.059621 0.036101 0.059621 0.064982
15 0.009485 0.028881 0.013550 0.050542
15 0.085366 0.128159 0.051491 0.075812
15 0.024390 0.137184 0.043360 0.057762
15 0.113821 0.032491 0.037940 0.057762
15 0.149051 0.037906 0.032520 0.046931
15 0.138211 0.129964 0.043360 0.057762
15 0.154472 0.097473 0.043360 0.050542
15 0.210027 0.095668 0.051491 0.075812
15 0.264228 0.030686 0.056911 0.054152
15 0.289973 0.075812 0.065041 0.093863
15 0.319783 0.101083 0.032520 0.050542
15 0.421409 0.097473 0.067751 0.086643
15 0.401084 0.041516 0.032520 0.039711
15 0.470190 0.140794 0.035230 0.050542
15 0.518970 0.084838 0.040650 0.054152
15 0.410569 0.189531 0.062331 0.104693
15 0.621951 0.028881 0.062331 0.050542
15 0.699187 0.014440 0.065041 0.021661
15 0.651762 0.059567 0.024390 0.039711
15 0.747967 0.088448 0.037940 0.061372
15 0.810298 0.072202 0.032520 0.043321
15 0.873984 0.092058 0.062331 0.068592
15 0.970190 0.135379 0.059621 0.083032
15 0.512195 0.223827 0.065041 0.079422
15 0.529810 0.160650 0.040650 0.054152
15 0.577236 0.131769 0.037940 0.061372
15 0.615176 0.120939 0.065041 0.083032
15 0.612466 0.342960 0.054201 0.072202
15 0.654472 0.351986 0.051491 0.083032
15 0.685637 0.305054 0.043360 0.061372
15 0.626016 0.259928 0.043360 0.057762
15 0.701897 0.212996 0.043360 0.050542
15 0.693767 0.155235 0.065041 0.072202
15 0.665312 0.220217 0.051491 0.086643
15 0.537940 0.287004 0.046070 0.061372
15 0.554201 0.249097 0.056911 0.093863
15 0.611111 0.187726 0.046070 0.064982
15 0.749322 0.285199 0.084011 0.101083
15 0.771003 0.212996 0.056911 0.064982
15 0.817073 0.321300 0.062331 0.086643
15 0.768293 0.388087 0.056911 0.075812
15 0.917344 0.420578 0.056911 0.083032
15 0.903794 0.341155 0.073171 0.083032
15 0.876694 0.436823 0.078591 0.086643
15 0.897019 0.507220 0.065041 0.068592
15 0.982385 0.507220 0.035230 0.075812
15 0.981030 0.583032 0.037940 0.097473
15 0.276423 0.214801 0.059621 0.075812
15 0.199187 0.229242 0.051491 0.075812
15 0.178862 0.283394 0.054201 0.061372
15 0.268293 0.397112 0.054201 0.079422
15 0.193767 0.368231 0.035230 0.057762
15 0.144986 0.310469 0.051491 0.064982
15 0.153117 0.364621 0.046070 0.057762
15 0.140921 0.416968 0.054201 0.090253
15 0.092141 0.411552 0.065041 0.079422
15 0.071816 0.469314 0.062331 0.101083
15 0.016260 0.359206 0.027100 0.068592
15 0.208672 0.566787 0.070461 0.093863
15 0.134146 0.671480 0.062331 0.079422
15 0.050136 0.648014 0.056911 0.068592
15 0.062331 0.718412 0.054201 0.072202
15 0.088076 0.783394 0.062331 0.079422
15 0.464770 0.472924 0.051491 0.086643
15 0.445799 0.431408 0.046070 0.054152
15 0.455285 0.350181 0.043360 0.057762
15 0.544715 0.507220 0.027100 0.054152
15 0.609756 0.503610 0.048780 0.068592
15 0.623306 0.566787 0.048780 0.064982
15 0.661247 0.460289 0.048780 0.083032
15 0.707317 0.509025 0.043360 0.064982
15 0.780488 0.480144 0.054201 0.079422
15 0.792683 0.557762 0.051491 0.068592
15 0.913279 0.595668 0.059621 0.072202
15 0.304878 0.700361 0.056911 0.072202
15 0.360434 0.678700 0.054201 0.064982
15 0.418699 0.629964 0.051491 0.075812
15 0.514905 0.655235 0.048780 0.061372
15 0.514905 0.593863 0.043360 0.061372
15 0.562331 0.718412 0.067751 0.086643
15 0.654472 0.687726 0.056911 0.083032
15 0.730352 0.671480 0.056911 0.079422
15 0.796748 0.741877 0.048780 0.061372
15 0.968835 0.696751 0.040650 0.057762
15 0.983740 0.783394 0.032520 0.064982
15 0.804878 0.902527 0.054201 0.057762
15 0.829268 0.916968 0.021680 0.043321
15 0.741192 0.805054 0.051491 0.057762
15 0.613821 0.978339 0.051491 0.043321
15 0.569106 0.859206 0.054201 0.079422
15 0.501355 0.864621 0.048780 0.068592
15 0.495935 0.797834 0.048780 0.057762
15 0.471545 0.805054 0.037940 0.036101
15 0.413279 0.857401 0.051491 0.075812
15 0.214092 0.971119 0.065041 0.057762
15 0.199187 0.772563 0.051491 0.064982
15 0.108401 0.980144 0.043360 0.039711
